      XX(1)=-2.990308578903417
      XX(2)=-2.929085004609167
      XX(3)=-2.867861820350829
      XX(4)=-2.806639178380427
      XX(5)=-2.745417284394589
      XX(6)=-2.684196413893605
      XX(7)=-2.62297693265342
      XX(8)=-2.561759322033841
      XX(9)=-2.500544209869027
      XX(10)=-2.439332407669102
      XX(11)=-2.378124954789348
      XX(12)=-2.316923170078936
      XX(13)=-2.255728711286951
      XX(14)=-2.194543642162484
      XX(15)=-2.13337050672372
      XX(16)=-2.072212409579384
      XX(17)=-2.01107310046487
      XX(18)=-1.949957060317777
      XX(19)=-1.888869585293222
      XX(20)=-1.827816864158657
      XX(21)=-1.76680604358443
      XX(22)=-1.705845275056703
      XX(23)=-1.644943736599848
      XX(24)=-1.58411162233361
      XX(25)=-1.523360093231159
      XX(26)=-1.462701183390723
      XX(27)=-1.402147657744463
      XX(28)=-1.341712819395254
      XX(29)=-1.28141026760139
      XX(30)=-1.221253610635536
      XX(31)=-1.161256141058036
      XX(32)=-1.10143048403938
      XX(33)=-1.041788231900703
      XX(34)=-0.982339579710667
      XX(35)=-0.923092977366893
      XX(36)=-0.8640548130139544
      XX(37)=-0.8052291409671541
      XX(38)=-0.7466174647186565
      XX(39)=-0.6882185823996079
      XX(40)=-0.6300284986116549
      XX(41)=-0.5720404031737724
      XX(42)=-0.5142447143539789
      XX(43)=-0.4566291817828367
      XX(44)=-0.3991790425881274
      XX(45)=-0.3418772233613588
      XX(46)=-0.2847045802990265
      XX(47)=-0.2276401701299262
      XX(48)=-0.1706615450880145
      XX(49)=-0.1137450660536216
      XX(50)=-0.05686622890874389
      XX(51)=0
      XX(52)=0.05686622890874389
      XX(53)=0.1137450660536216
      XX(54)=0.1706615450880145
      XX(55)=0.2276401701299262
      XX(56)=0.2847045802990265
      XX(57)=0.3418772233613588
      XX(58)=0.3991790425881274
      XX(59)=0.4566291817828367
      XX(60)=0.5142447143539789
      XX(61)=0.5720404031737724
      XX(62)=0.6300284986116549
      XX(63)=0.6882185823996079
      XX(64)=0.7466174647186565
      XX(65)=0.8052291409671541
      XX(66)=0.8640548130139544
      XX(67)=0.923092977366893
      XX(68)=0.982339579710667
      XX(69)=1.041788231900703
      XX(70)=1.10143048403938
      XX(71)=1.161256141058036
      XX(72)=1.221253610635536
      XX(73)=1.28141026760139
      XX(74)=1.341712819395254
      XX(75)=1.402147657744463
      XX(76)=1.462701183390723
      XX(77)=1.523360093231159
      XX(78)=1.58411162233361
      XX(79)=1.644943736599848
      XX(80)=1.705845275056703
      XX(81)=1.76680604358443
      XX(82)=1.827816864158657
      XX(83)=1.888869585293222
      XX(84)=1.949957060317777
      XX(85)=2.01107310046487
      XX(86)=2.072212409579384
      XX(87)=2.13337050672372
      XX(88)=2.194543642162484
      XX(89)=2.255728711286951
      XX(90)=2.316923170078936
      XX(91)=2.378124954789348
      XX(92)=2.439332407669102
      XX(93)=2.500544209869027
      XX(94)=2.561759322033841
      XX(95)=2.62297693265342
      XX(96)=2.684196413893605
      XX(97)=2.745417284394589
      XX(98)=2.806639178380427
      XX(99)=2.867861820350829
      XX(100)=2.929085004609167
      XX(101)=2.990308578903417
      AX(1)=0.001393478732072351
      AX(2)=0.001699807186132021
      AX(3)=0.002066279886132258
      AX(4)=0.002503064067175092
      AX(5)=0.003021699997829239
      AX(6)=0.003635218973231966
      AX(7)=0.004358258694623088
      AX(8)=0.005207173037180441
      AX(9)=0.006200132738261543
      AX(10)=0.007357213067850417
      AX(11)=0.008700464087048913
      AX(12)=0.01025395867768691
      AX(13)=0.01204381316025878
      AX(14)=0.01409817503796065
      AX(15)=0.01644717224788875
      AX(16)=0.01912281831008899
      AX(17)=0.0221588679919832
      AX(18)=0.02559061860651617
      AX(19)=0.02945465289674985
      AX(20)=0.03378852068445291
      AX(21)=0.03863035812134729
      AX(22)=0.04401844550274471
      AX(23)=0.04999070717241862
      AX(24)=0.05658416000314983
      AX(25)=0.06383432015608571
      AX(26)=0.07177458111197318
      AX(27)=0.08043557907075125
      AX(28)=0.0898445644249381
      AX(29)=0.1000247997985698
      AX(30)=0.1109950058020216
      AX(31)=0.1227688749527202
      AX(32)=0.135354672044953
      AX(33)=0.148754935671645
      AX(34)=0.1629662908342737
      AX(35)=0.1779793770092382
      AX(36)=0.1937788901671002
      AX(37)=0.2103437316057816
      AX(38)=0.227647251566906
      AX(39)=0.2456575718591082
      AX(40)=0.2643379693636985
      AX(41)=0.2836473014245459
      AX(42)=0.3035404546412629
      AX(43)=0.3239688002805995
      AX(44)=0.3448806421030785
      AX(45)=0.3662216455481314
      AX(46)=0.3879352406226839
      AX(47)=0.4099629942309425
      AX(48)=0.4322449508633181
      AX(49)=0.4547199433898328
      AX(50)=0.4773258780943322
      AX(51)=0.5
      AX(52)=0.5226741219056679
      AX(53)=0.5452800566101672
      AX(54)=0.5677550491366821
      AX(55)=0.5900370057690576
      AX(56)=0.6120647593773163
      AX(57)=0.6337783544518687
      AX(58)=0.6551193578969217
      AX(59)=0.6760311997194006
      AX(60)=0.6964595453587372
      AX(61)=0.7163526985754542
      AX(62)=0.7356620306363015
      AX(63)=0.7543424281408919
      AX(64)=0.7723527484330941
      AX(65)=0.7896562683942185
      AX(66)=0.8062211098329
      AX(67)=0.8220206229907618
      AX(68)=0.8370337091657263
      AX(69)=0.8512450643283549
      AX(70)=0.864645327955047
      AX(71)=0.8772311250472797
      AX(72)=0.8890049941979783
      AX(73)=0.8999752002014301
      AX(74)=0.910155435575062
      AX(75)=0.919564420929249
      AX(76)=0.928225418888027
      AX(77)=0.936165679843914
      AX(78)=0.94341583999685
      AX(79)=0.950009292827581
      AX(80)=0.955981554497255
      AX(81)=0.961369641878653
      AX(82)=0.966211479315547
      AX(83)=0.97054534710325
      AX(84)=0.974409381393484
      AX(85)=0.977841132008017
      AX(86)=0.980877181689911
      AX(87)=0.983552827752111
      AX(88)=0.985901824962039
      AX(89)=0.987956186839741
      AX(90)=0.989746041322313
      AX(91)=0.991299535912951
      AX(92)=0.992642786932149
      AX(93)=0.993799867261738
      AX(94)=0.994792826962819
      AX(95)=0.995641741305377
      AX(96)=0.996364781026768
      AX(97)=0.996978300002171
      AX(98)=0.997496935932825
      AX(99)=0.997933720113868
      AX(100)=0.998300192813868
      AX(101)=0.998606521267928
